i		j		Sxy
17	17	0.4499121270901745
17	18	-0.024718928237559338
17	19	-0.11172211902731735
17	20	-0.02471878814852734
17	21	-0.1336393589291486
17	22	-0.133638132461868
17	23	0.07224246927933986
17	24	0.07224224045799053
17	25	0.009044159796281528
17	26	0.09950539632568996
17	27	0.009043092673145233
17	28	-0.09272140463104231
17	29	0.05800984155256935
17	30	-0.06350117184177273
17	31	-0.0634986824777225
17	32	0.058009203092455296
17	33	-0.0771490451636528
17	34	0.0005570259663910822
17	35	0.07981442623894355
17	36	0.0005548564649494128
17	37	0.050567822072053945
17	38	0.05056962541885169
17	39	-0.05140221287422521
17	40	-0.0513989378537699
17	41	-1.743540861958762e-5
17	42	-0.067843061796997
17	43	-1.823467884191818e-5
17	44	0.06829676820987167
17	45	-0.046769423352233455
17	46	0.046763776264812
17	47	0.04676547012450406
17	48	-0.04676982755860406
17	49	0.06462286520291821
17	50	-4.1780175808702066e-5
17	51	-0.0646274291067076
17	52	-4.292910982060572e-5
17	53	-0.04386801249445348
17	54	-0.04387003171017958
17	55	0.04391266488771498
17	56	0.04391208399329586
17	57	-2.2181513788794543e-5
17	58	0.05884935150716891
17	59	-2.155369675907339e-5
17	60	-0.058879718168287534
17	61	0.039923945270098835
17	62	-0.039892989716042666
17	63	-0.03989374022491547
17	64	0.03992388676931556
17	65	-0.055420986897783096
17	66	-1.1582415010478345e-5
17	67	0.05539637953304922
17	68	-1.1081142523788928e-5
17	69	0.03879321288924424
17	70	0.03879402996523453
17	71	-0.03877714400740232
17	72	-0.03877670391870476
17	73	-5.193759813469706e-6
17	74	-0.053487393188476576
17	75	-5.262816046279162e-6
17	76	0.053475897103895706
17	77	-0.0361934299458004
17	78	0.03620059309928375
17	79	0.03620056329593679
17	80	-0.036193190608111644
17	81	0.04907963733802704
17	82	-2.0988790662845353e-6
17	83	-0.049085503150763
17	84	-2.158944207241013e-6
17	85	-0.03399266178150181
17	86	-0.03399266956355775
17	87	0.03399607814566837
17	88	0.03399590767955638
17	89	-6.936707022126602e-7
17	90	0.04778058503697728
17	91	-9.544779783096408e-7
17	92	-0.047782486005501355
17	93	0.03324260079331166
17	94	-0.03324202623329297
17	95	-0.03324173486695414
17	96	0.033242699917286775
17	97	-0.04522755397349651
17	98	-1.1260301683311375e-7
17	99	0.045227172879986594
17	100	-2.5771095627449455e-7
17	101	0.03053362210330494
17	102	0.030533349553797547
17	103	-0.0305333646873631
17	104	-0.030533096860021612
17	105	-3.54800135639686e-7
17	106	-0.04199482020106377
17	107	7.243806427960706e-8
17	108	0.041994463548609154
17	109	-0.02954464487274758
17	110	0.02954540835643195
17	111	0.02954507071913913
17	112	-0.029545001356151877
17	113	0.04145555794257602
17	114	-3.7347250591991034e-7
17	115	-0.04145599329068578
17	116	1.5639450490135645e-7
17	117	-0.028261430936289907
17	118	-0.028261064058520868
17	119	0.02826178641228716
17	120	0.028261503582425084
17	121	1.4684936741449134e-7
17	122	0.03767110113299027
17	123	-4.292860109391302e-7
17	124	-0.03767169854303261
17	125	0.02561472855352678
17	126	-0.02561502250337406
17	127	-0.025614614023943032
17	128	0.025615232546614086
18	17	-0.024718928237559338
18	18	0.4499124904504882
18	19	-0.02471924728519341
18	20	-0.11172202710543475
18	21	0.07224298012050376
18	22	-0.13364015404907698
18	23	-0.13363635293517906
18	24	0.0722424205888385
18	25	-0.09272391292619399
18	26	0.009044430321979444
18	27	0.09950341884887594
18	28	0.009043097530614002
18	29	0.05801101163199442
18	30	0.0580116564004742
18	31	-0.06349998239171792
18	32	-0.06349625015292369
18	33	0.0005562045954005599
18	34	-0.07715417907386103
18	35	0.0005566780504878148
18	36	0.07981200170174103
18	37	-0.05140139436677814
18	38	0.05057038836321115
18	39	0.05057100047497123
18	40	-0.05140028117008721
18	41	0.06830034598192743
18	42	-1.6915964135383184e-5
18	43	-0.06784674816618091
18	44	-1.787130167568756e-5
18	45	-0.04677283674857508
18	46	-0.04677614687148399
18	47	0.0467656925549167
18	48	0.04676386811501882
18	49	-4.084646855282679e-5
18	50	0.06462964193944924
18	51	-4.112334845617322e-5
18	52	-0.06462549351525743
18	53	0.04391051906458475
18	54	-0.04387135923119537
18	55	-0.04387193001564
18	56	0.043911470669976284
18	57	-0.05887930826669657
18	58	-2.1250026793346386e-5
18	59	0.058850855244217445
18	60	-2.1368736884015662e-5
18	61	0.039924370589748834
18	62	0.03992437013526003
18	63	-0.03989355166524453
18	64	-0.039893110179534126
18	65	-1.208582673648882e-5
18	66	-0.05542219463683878
18	67	-1.1548522066183954e-5
18	68	0.0553953421734159
18	69	-0.03877597100613232
18	70	0.03879438499652339
18	71	0.03879399956033414
18	72	-0.038776486646509775
18	73	0.053475608474313846
18	74	-5.700123962869804e-6
18	75	-0.053487474495972784
18	76	-5.211353614906831e-6
18	77	-0.03619346820623847
18	78	-0.036193328052417456
18	79	0.036200835685924505
18	80	0.03620000550829738
18	81	-1.6099151869183595e-6
18	82	0.04907964132181558
18	83	-2.350822097549961e-6
18	84	-0.04908490915281358
18	85	0.033995313687449374
18	86	-0.03399287035861106
18	87	-0.033992389572623585
18	88	0.033995760663670965
18	89	-0.04778220601393811
18	90	-5.652243535267949e-7
18	91	0.04778019742103029
18	92	-1.166635887502775e-6
18	93	0.03324269772962416
18	94	0.0332426862067463
18	95	-0.03324189417298934
18	96	-0.03324088234321214
18	97	-7.615111208662973e-7
18	98	-0.045227573661739254
18	99	8.873816795267444e-8
18	100	0.04522634191955981
18	101	-0.03053250064859431
18	102	0.030533743660951358
18	103	0.03053310663866278
18	104	-0.030532874897664184
18	105	0.04199392321841803
18	106	-6.116161786526775e-7
18	107	-0.04199464547483561
18	108	1.0910340857156037e-7
18	109	-0.029544906720487756
18	110	-0.02954436392065201
18	111	0.029545274715891405
18	112	0.029544751472496772
18	113	3.1692312991567473e-7
18	114	0.04145540473034749
18	115	-4.915353396859441e-7
18	116	-0.04145564654888967
18	117	0.028260975872888467
18	118	-0.028261457535023207
18	119	-0.02826077526708684
18	120	0.028261649357485315
18	121	-0.03767115019509072
18	122	5.514427068465233e-7
18	123	0.03767104959020656
18	124	-3.4860202663068414e-7
18	125	0.025615006538571464
18	126	0.025614165930324388
18	127	-0.025615023280901688
18	128	-0.025614605929023627
19	17	-0.11172211902731735
19	18	-0.02471924728519341
19	19	0.4499125671394369
19	20	-0.024719398978728276
19	21	0.07224325938442569
19	22	0.0722432404532137
19	23	-0.13363854100270575
19	24	-0.1336374014191824
19	25	0.009044590180461299
19	26	-0.09272517909609936
19	27	0.009044052516334375
19	28	0.09950237395465958
19	29	-0.06350234030059872
19	30	0.058011491172276844
19	31	0.05801117082489294
19	32	-0.0634977931688399
19	33	0.0798172940313292
19	34	0.0005598506375122964
19	35	-0.07715366496333374
19	36	0.0005562615176816517
19	37	-0.051404479971214834
19	38	-0.0514084125771718
19	39	0.05057014967596698
19	40	0.05056803345524933
19	41	-1.4717877795825188e-5
19	42	0.06830671784415931
19	43	-1.6496823727488142e-5
19	44	-0.06784124767573863
19	45	0.04675976495696112
19	46	-0.04677617594744448
19	47	-0.046775986469331295
19	48	0.04676232279310223
19	49	-0.0646216853431774
19	50	-4.0343857720141314e-5
19	51	0.06462892531572026
19	52	-4.17066243657007e-5
19	53	0.04391031829472537
19	54	0.043910698769442494
19	55	-0.04387087412702646
19	56	-0.04386869920896672
19	57	-2.2695471854172612e-5
19	58	-0.05887933865094708
19	59	-2.1322942235455983e-5
19	60	0.05884782798644762
19	61	-0.03989104664570446
19	62	0.03992460174192875
19	63	0.039924085361048564
19	64	-0.039892262609418326
19	65	0.05539415258184514
19	66	-1.2318132452665595e-5
19	67	-0.05542148678954473
19	68	-1.1287990803987352e-5
19	69	-0.03877631543183897
19	70	-0.03877624985372713
19	71	0.03879378916224175
19	72	0.03879244682531456
19	73	-4.746151343065555e-6
19	74	0.05347616731939637
19	75	-5.7318156570598855e-6
19	76	-0.05348558912193878
19	77	0.03619926961306781
19	78	-0.03619374556153912
19	79	-0.03619308950546058
19	80	0.03619965411599165
19	81	-0.049084440445752095
19	82	-1.3720880951434142e-6
19	83	0.04907937600660054
19	84	-2.092018920335013e-6
19	85	0.033995848682898046
19	86	0.033995338419594484
19	87	-0.03399250611695406
19	88	-0.03399182050410149
19	89	-1.5688448241789053e-6
19	90	-0.04778262657385871
19	91	-6.086015837703486e-7
19	92	0.047779190182601905
19	93	-0.03324050800309623
19	94	0.03324325264149336
19	95	0.033242486861597316
19	96	-0.033241081877451825
19	97	0.04522601873222407
19	98	-9.912101078092731e-7
19	99	-0.04522753428821094
19	100	-2.1957035164577647e-7
19	101	-0.03053285323875976
19	102	-0.03053217130874246
19	103	0.03053375574355127
19	104	0.030533078127618157
19	105	4.0927213443085725e-7
19	106	0.04199366544964534
19	107	-5.665060509601513e-7
19	108	-0.04199454225771991
19	109	0.029544371679303263
19	110	-0.02954492808830844
19	111	-0.02954421335595734
19	112	0.029545105081964777
19	113	-0.041455257976694665
19	114	4.917858458331383e-7
19	115	0.04145523957359227
19	116	-5.587160102445334e-7
19	117	0.028261357492883638
19	118	0.028260639094571428
19	119	-0.02826149409306
19	120	-0.028260859819824406
19	121	-4.209065972110695e-7
19	122	-0.03767072154858669
19	123	6.205000580070693e-7
19	124	0.037671123943886234
19	125	-0.025614196626468903
19	126	0.025614906929267
19	127	0.025614183641845336
19	128	-0.025615015459535203
20	17	-0.02471878814852734
20	18	-0.11172202710543475
20	19	-0.024719398978728276
20	20	0.4499121300690028
20	21	-0.1336424144301158
20	22	0.07224307122546823
20	23	0.07224271448560228
20	24	-0.13363596486114607
20	25	0.09950816766728493
20	26	0.00904451455351524
20	27	-0.09272345872893054
20	28	0.009042521849211902
20	29	-0.06350372067709162
20	30	-0.06350574475826283
20	31	0.05801107760857292
20	32	0.058010140935753796
20	33	0.0005585476658975868
20	34	0.07982024357901416
20	35	0.0005575085734456752
20	36	-0.0771492428384948
20	37	0.050565919644665405
20	38	-0.051406897262606874
20	39	-0.051404775579534864
20	40	0.05056691355062697
20	41	-0.06783631226987036
20	42	-1.5504021102265466e-5
20	43	0.0683022483415696
20	44	-1.6449821128954648e-5
20	45	0.04675961878281647
20	46	0.04676155097753997
20	47	-0.04677294232385271
20	48	-0.0467698299114402
20	49	-4.2634046260528515e-5
20	50	-0.06462364472245936
20	51	-4.204014148122695e-5
20	52	0.0646223171796009
20	53	-0.0438661399876767
20	54	0.04391115489587518
20	55	0.04391157027483544
20	56	-0.04386713628841978
20	57	0.05884606171279792
20	58	-2.265484178611577e-5
20	59	-0.05887952030421458
20	60	-2.2511960789846807e-5
20	61	-0.03989157296511615
20	62	-0.039891668999776
20	63	0.039924029184954024
20	64	0.039923619601601304
20	65	-1.1146671052243934e-5
20	66	0.05539506915228897
20	67	-1.1516251074857226e-5
20	68	-0.05542014617770275
20	69	0.038792232072459264
20	70	-0.0387769001819998
20	71	-0.038776702636532684
20	72	0.0387925531599666
20	73	-0.05348544312540978
20	74	-4.9252050255951675e-6
20	75	0.05347637545276707
20	76	-5.106287614405946e-6
20	77	0.036199702302997676
20	78	0.03619975993221961
20	79	-0.03619375302132739
20	80	-0.03619312831629713
20	81	-2.1281269608382737e-6
20	82	-0.049084771340889385
20	83	-1.6388827825914106e-6
20	84	0.049079112467661466
20	85	-0.033991837672905124
20	86	0.033995996461389205
20	87	0.033995676649411964
20	88	-0.03399212639879143
20	89	0.047779350835736034
20	90	-1.234116484953318e-6
20	91	-0.04778268231105942
20	92	-8.600102826701213e-7
20	93	-0.0332410961833965
20	94	-0.03324125546169317
20	95	0.033243136561940174
20	96	0.03324229464079058
20	97	-1.5121843933110158e-7
20	98	0.04522653327077629
20	99	-7.569184619715851e-7
20	100	-0.045227196942612874
20	101	0.030533122333777547
20	102	-0.030533035051635397
20	103	-0.03053256777116139
20	104	0.030533326203625238
20	105	-0.041994501416773744
20	106	2.7474689482731376e-7
20	107	0.041993989480777226
20	108	-2.1164035420437266e-7
20	109	0.029545100079269186
20	110	0.02954472137911549
20	111	-0.029544884303478843
20	112	-0.02954452524025971
20	113	-3.431462248486881e-7
20	114	-0.041455620016110147
20	115	2.336509607765579e-7
20	116	0.04145540816443806
20	117	-0.028260943705284605
20	118	0.028261485975158374
20	119	0.0282609622654408
20	120	-0.028261458607126724
20	121	0.03767105618215389
20	122	-4.869363326937667e-7
20	123	-0.03767115077292281
20	124	2.0107755276313347e-7
20	125	-0.025614889619639016
20	126	-0.025614193025332504
20	127	0.025615007869766043
20	128	0.025614734578934158
21	17	-0.1336393589291486
21	18	0.07224298012050376
21	19	0.07224325938442569
21	20	-0.1336424144301158
21	21	0.450739146799355
21	22	-0.023827204696618524
21	23	-0.11293087834081246
21	24	-0.023826839042028616
21	25	-0.13623603269922763
21	26	-0.1362344794559874
21	27	0.0754373362314663
21	28	0.07543695798016413
21	29	0.008262572099587634
21	30	0.10408553009938817
21	31	0.008261219858656021
21	32	-0.09599430239265516
21	33	0.05844643164724454
21	34	-0.06408212228674469
21	35	-0.06407857991146229
21	36	0.058445250373588754
21	37	-0.07653299548847935
21	38	0.0006558599079350823
21	39	0.0791861186817489
21	40	0.0006533384472101239
21	41	0.05101647223863907
21	42	0.05101867448081042
21	43	-0.05185902927660129
21	44	-0.05185578577853493
21	45	1.7703430276778975e-6
21	46	-0.07004831505329195
21	47	6.046290289636767e-7
21	48	0.07049729814649833
21	49	-0.048279063434957824
21	50	0.04823571957541482
21	51	0.048238026709014496
21	52	-0.04827904672566978
21	53	0.0652600341828276
21	54	-2.362227542233721e-5
21	55	-0.06524064030169213
21	56	-2.5700335866804052e-5
21	57	-0.04360357159936161
21	58	-0.04360564427019826
21	59	0.043635705939408395
21	60	0.043635763724199084
21	61	-2.075418919889578e-5
21	62	0.05902326270226984
21	63	-1.9772815893350206e-5
21	64	-0.0590507445557115
21	65	0.04093909793924422
21	66	-0.040910510129203374
21	67	-0.04091137954645037
21	68	0.04093896683618206
21	69	-0.05722174429040913
21	70	-1.0788313440523373e-5
21	71	0.05720294190231134
21	72	-1.021632389109584e-5
21	73	0.039401747559155376
21	74	0.03940280238235911
21	75	-0.039389436313194366
21	76	-0.03938891313893426
21	77	-4.240867337765936e-6
21	78	-0.053284130546796656
21	79	-4.324158537579617e-6
21	80	0.05327475865634857
21	81	-0.036101318351254824
21	82	0.03610784916750924
21	83	0.036107901985245605
21	84	-0.036101147366940936
21	85	0.04999137084905322
21	86	-2.1530007046604045e-6
21	87	-0.04999684367768565
21	88	-2.2559575200002606e-6
21	89	-0.03512035070215438
21	90	-0.03512073012575914
21	91	0.035123796369655416
21	92	0.035123411995577614
21	93	-8.786493945758527e-7
21	94	0.04885044177425364
21	95	-1.011813699185404e-6
21	96	-0.0488516014581924
21	97	0.033222387295099645
21	98	-0.03322170739225827
21	99	-0.0332215843451661
21	100	0.03322235541444019
21	101	-0.04485005485883384
21	102	-5.8583516805231396e-8
21	103	0.044849464069132434
21	104	-1.6747769686699844e-7
21	105	0.03084023204257431
21	106	0.03083989679119129
21	107	-0.030839712305998884
21	108	-0.030839729854541732
21	109	-3.614562410271286e-7
21	110	-0.04339062721563471
21	111	-4.775607617044076e-9
21	112	0.04339013639170427
21	113	-0.030437460581136715
21	114	0.03043813276114598
21	115	0.030437854884973362
21	116	-0.030437832652983346
21	117	0.04149604180948123
21	118	-3.7694496965723183e-7
21	119	-0.04149632356597546
21	120	4.765629248004472e-8
21	121	-0.027655027798440746
21	122	-0.0276545000300736
21	123	0.02765530282295358
21	124	0.027655142840012147
21	125	2.008740289604546e-7
21	126	0.03760768477894883
21	127	-3.377782984927057e-7
21	128	-0.03760826115180024
22	17	-0.133638132461868
22	18	-0.13364015404907698
22	19	0.0722432404532137
22	20	0.07224307122546823
22	21	-0.023827204696618524
22	22	0.4507398773185487
22	23	-0.023827739207432252
22	24	-0.11293075733559763
22	25	0.07543820172489964
22	26	-0.1362381702012069
22	27	-0.13623107485767957
22	28	0.07543718386139295
22	29	-0.09599854458382788
22	30	0.008263511046648254
22	31	0.10408282167446752
22	32	0.008261307459779826
22	33	0.05844820480831762
22	34	0.0584487877460923
22	35	-0.06408091729506223
22	36	-0.0640760822842156
22	37	0.0006552515771534388
22	38	-0.07654011370021781
22	39	0.000655545650771663
22	40	0.07918364483575573
22	41	-0.051859477797380524
22	42	0.05101959270198431
22	43	0.051020932723095595
22	44	-0.051857911465484394
22	45	0.07050239185060926
22	46	2.6943938291066554e-6
22	47	-0.07005352137444636
22	48	1.2960275870712867e-6
22	49	-0.048283123545204365
22	50	-0.0482867867866051
22	51	0.048238672172002894
22	52	0.04823658915183647
22	53	-2.2914894526592702e-5
22	54	0.06526754255023104
22	55	-2.3220827890610848e-5
22	56	-0.06523948040417651
22	57	0.04363439304435036
22	58	-0.04360751221520187
22	59	-0.043608017040066824
22	60	0.04363526020622924
22	61	-0.05905062372504741
22	62	-1.9916995991438565e-5
22	63	0.059025369041305675
22	64	-2.0163151302248494e-5
22	65	0.040939955250191735
22	66	0.040940283280708555
22	67	-0.040911383524741725
22	68	-0.0409104881549307
22	69	-1.135930304536374e-5
22	70	-0.05722376618928784
22	71	-1.0694943541803411e-5
22	72	0.05720182650247847
22	73	-0.03938813927557506
22	74	0.039403344726483575
22	75	0.03940297559803479
22	76	-0.03938863877182549
22	77	0.05327458148881121
22	78	-4.9240160708577325e-6
22	79	-0.0532845319888268
22	80	-4.41593973516891e-6
22	81	-0.0361015207839264
22	82	-0.03610112703133128
22	83	0.03610822000858473
22	84	0.036107519711179634
22	85	-1.477556446795463e-6
22	86	0.04999173386059379
22	87	-2.3223817560378834e-6
22	88	-0.04999624156080056
22	89	0.03512274592031507
22	90	-0.035120980860645135
22	91	-0.035120401973765716
22	92	0.03512336470728336
22	93	-0.048851288110542034
22	94	-3.530902968348737e-7
22	95	0.04885022648137672
22	96	-1.2205965139983496e-6
22	97	0.03322256845832024
22	98	0.033222116021543006
22	99	-0.03322191925483285
22	100	-0.03322104372931099
22	101	-7.445945983552724e-7
22	102	-0.04484986257281741
22	103	2.621634459406427e-7
22	104	0.0448489978539234
22	105	-0.030838947457766795
22	106	0.03084027828708282
22	107	0.030839666445369326
22	108	-0.030839681064627096
22	109	0.04338967858384827
22	110	-7.040253636284811e-7
22	111	-0.043390330888423
22	112	2.205749087883305e-7
22	113	-0.03043766422378683
22	114	-0.03043707000779317
22	115	0.03043810249056221
22	116	0.030437391684925815
22	117	3.2767174334942655e-7
22	118	0.04149570697091364
22	119	-7.159779025500823e-7
22	120	-0.041496165211976466
22	121	0.027654536084971877
22	122	-0.027654999710080033
22	123	-0.027654268372722928
22	124	0.02765528078327543
22	125	-0.03760767856924029
22	126	6.285991797570563e-7
22	127	0.037607588073105935
22	128	-4.245822939330368e-7
23	17	0.07224246927933986
23	18	-0.13363635293517906
23	19	-0.13363854100270575
23	20	0.07224271448560228
23	21	-0.11293087834081246
23	22	-0.023827739207432252
23	23	0.45074003043263994
23	24	-0.023827937155366446
23	25	0.07543876322230922
23	26	0.07543872285067228
23	27	-0.13623587666543746
23	28	-0.13623326959102944
23	29	0.008263810290733607
23	30	-0.09600083853987394
23	31	0.008263116871183328
23	32	0.10408171059828472
23	33	-0.06408535914020896
23	34	0.058448614042978506
23	35	0.05844823791649343
23	36	-0.06407843111985018
23	37	0.07919117192798399
23	38	0.0006601270172398437
23	39	-0.07653957592938931
23	40	0.0006551908337393645
23	41	-0.051863681989401944
23	42	-0.05186804255640579
23	43	0.051019532244571716
23	44	0.05101765460992614
23	45	5.101132228653666e-6
23	46	0.07050992337654799
23	47	3.0551269008081587e-6
23	48	-0.07004689848676458
23	49	0.0482314445483638
23	50	-0.04828718971327259
23	51	-0.04828670094725966
23	52	0.04823457169151173
23	53	-0.06523501289823745
23	54	-2.1805057855712024e-5
23	55	0.06526712322122322
23	56	-2.3554978270101816e-5
23	57	0.04363414814042161
23	58	0.04363386111839333
23	59	-0.043607133197227914
23	60	-0.04360487797789991
23	61	-2.169035441941945e-5
23	62	-0.05905057492913167
23	63	-1.997847628745212e-5
23	64	0.05902234641001281
23	65	-0.04090827242124245
23	66	0.040940449737561745
23	67	0.04093973874270289
23	68	-0.040909720180649055
23	69	0.057200377930580894
23	70	-1.1689499091765807e-5
23	71	-0.05722296176358229
23	72	-1.0414645818143926e-5
23	73	-0.039388265641876544
23	74	-0.03938825641800858
23	75	0.03940301376006547
23	76	0.03940141496817009
23	77	-3.829264825662021e-6
23	78	0.05327462532143771
23	79	-4.99405178765507e-6
23	80	-0.053282907654604916
23	81	0.036106701624097286
23	82	-0.03610154299744864
23	83	-0.03610084573413269
23	84	0.03610727686903485
23	85	-0.04999570931950229
23	86	-1.4936359411455448e-6
23	87	0.049991222793944835
23	88	-2.335840507308871e-6
23	89	0.03512330349868888
23	90	0.035123062926324625
23	91	-0.035120550213826596
23	92	-0.03511954842701209
23	93	-1.3907029179777983e-6
23	94	-0.04885179082383857
23	95	-4.4606693608699126e-7
23	96	0.04884896519308883
23	97	-0.03322049945621114
23	98	0.033222709585632976
23	99	0.03322205935410754
23	100	-0.033220995103735
23	101	0.04484856426732723
23	102	-9.747213206054952e-7
23	103	-0.044849750361675454
23	104	-1.8182127939686374e-7
23	105	-0.030839473114925697
23	106	-0.030838684789987903
23	107	0.030840094555629385
23	108	0.030839658202539443
23	109	3.4892321615988975e-7
23	110	0.043389566489383684
23	111	-6.252862829869377e-7
23	112	-0.04339002657636762
23	113	0.030437090140742973
23	114	-0.030437679544455747
23	115	-0.03043698076864024
23	116	0.030437883060991683
23	117	-0.041495634999874006
23	118	5.148219015413738e-7
23	119	0.04149560483054143
23	120	-4.7178240398285827e-7
23	121	0.02765493212645257
23	122	0.027654034624720842
23	123	-0.027655017260074615
23	124	-0.027654487617401684
23	125	-4.906127168968356e-7
23	126	-0.0376072725230637
23	127	5.46599017416984e-7
23	128	0.03760765243505921
24	17	0.07224224045799053
24	18	0.0722424205888385
24	19	-0.1336374014191824
24	20	-0.13363596486114607
24	21	-0.023826839042028616
24	22	-0.11293075733559763
24	23	-0.023827937155366446
24	24	0.45073918975934363
24	25	-0.13624294528363945
24	26	0.075438563394167
24	27	0.07543789568029087
24	28	-0.13623107371567192
24	29	0.10409054728373972
24	30	0.008263663762727172
24	31	-0.09599793889071391
24	32	0.008260496000122701
24	33	-0.06408687627910867
24	34	-0.06408890837096147
24	35	0.058448168813489784
24	36	0.05844684681188502
24	37	0.0006586197799479859
24	38	0.07919347393241126
24	39	0.0006566435256406368
24	40	-0.07653305434584057
24	41	0.0510135730668403
24	42	-0.05186519372314667
24	43	-0.05186205754102476
24	44	0.05101579812272573
24	45	-0.07003986802162786
24	46	4.228196483316663e-6
24	47	0.07050352209140726
24	48	2.431620623549211e-6
24	49	0.04823099536889811
24	50	0.048232756322253136
24	51	-0.048283015517322427
24	52	-0.048279166613559424
24	53	-2.4723827762935904e-5
24	54	-0.06523593195327507
24	55	-2.355217276711e-5
24	56	0.06525945686761668
24	57	-0.043601794799116605
24	58	0.04363419957018645
24	59	0.04363439235288547
24	60	-0.04360283862674871
24	61	0.05901971332732708
24	62	-2.116513498943741e-5
24	63	-0.05905021442754371
24	64	-2.0876254708038865e-5
24	65	-0.04090873254166453
24	66	-0.040909230074172194
24	67	0.040939361488071375
24	68	0.04093858461719018
24	69	-1.038611843437247e-5
24	70	0.0572014722438432
24	71	-1.067273022672633e-5
24	72	-0.05722091414560887
24	73	0.03940102899023237
24	74	-0.03938880461550896
24	75	-0.03938880438517783
24	76	0.03940116335259447
24	77	-0.05328258952266092
24	78	-4.054877370458033e-6
24	79	0.05327487016801079
24	80	-3.991699588210094e-6
24	81	0.03610712414124421
24	82	0.036107128360011294
24	83	-0.03610137860592282
24	84	-0.03610108560138773
24	85	-2.3586649494538303e-6
24	86	-0.04999628525021202
24	87	-2.082015297638372e-6
24	88	0.04999083289945986
24	89	-0.035119631085559884
24	90	0.035123658430933895
24	91	0.03512348784982122
24	92	-0.03511984269985607
24	93	0.048849080108424134
24	94	-1.2165628271419575e-6
24	95	-0.04885200611648202
24	96	-9.368248746586057e-7
24	97	-0.03322108171864685
24	98	-0.033221044708083514
24	99	0.03322279529433641
24	100	0.03322233440038104
24	101	-2.3465118759807042e-7
24	102	0.044848891233758764
24	103	-6.656385126784558e-7
24	104	-0.04484980335605842
24	105	0.030839689215806036
24	106	-0.030839475562168366
24	107	-0.030839266556643975
24	108	0.030840019330138278
24	109	-0.043390141344363586
24	110	9.622629135772e-8
24	111	0.04338984187012718
24	112	-2.548522989561678e-7
24	113	0.030437720432158075
24	114	0.03043753152087805
24	115	-0.03043765511505069
24	116	-0.030437349816488126
24	117	-1.92704313980344e-7
24	118	-0.04149588949617745
24	119	2.9485233000089553e-7
24	120	0.041496035922546325
24	121	-0.02765465293593458
24	122	0.027654934602192052
24	123	0.02765457507396008
24	124	-0.027655025777228125
24	125	0.03760762337710287
24	126	-4.1559281238732727e-7
24	127	-0.03760772950362081
24	128	1.307963869898565e-7
25	17	0.009044159796281528
25	18	-0.09272391292619399
25	19	0.009044590180461299
25	20	0.09950816766728493
25	21	-0.13623603269922763
25	22	0.07543820172489964
25	23	0.07543876322230922
25	24	-0.13624294528363945
25	25	0.4544245692069706
25	26	-0.02197705749752232
25	27	-0.11848697269588593
25	28	-0.02197636779746929
25	29	-0.13908344197811617
25	30	-0.1390819884287661
25	31	0.07885947263309148
25	32	0.07885891657664798
25	33	0.008019316452507308
25	34	0.1063680577445849
25	35	0.008017907253688712
25	36	-0.09776153278544548
25	37	0.05885615989869489
25	38	-0.0645193256891042
25	39	-0.0645149584649309
25	40	0.058854567157073746
25	41	-0.07840878227394599
25	42	0.0004908944345539902
25	43	0.08122873535240346
25	44	0.00048825133784715155
25	45	0.0536059261950114
25	46	0.05360866990741213
25	47	-0.05438438085750753
25	48	-0.05438074260367923
25	49	1.0167910750668184e-5
25	50	-0.07357682378881973
25	51	8.526136755074244e-6
25	52	0.07400748341757953
25	53	-0.04967697928607679
25	54	0.049619902617353905
25	55	0.049622666642614034
25	56	-0.049676472518900054
25	57	0.06613784898784052
25	58	-2.3483632369670688e-5
25	59	-0.06611883339283543
25	60	-2.5984400302425458e-5
25	61	-0.04459885557758457
25	62	-0.044601230631267225
25	63	0.044638836184043594
25	64	0.04463910043144794
25	65	-2.4117036478541867e-5
25	66	0.061724754371018535
25	67	-2.3035853366642127e-5
25	68	-0.061754692536711224
25	69	0.04311342370199396
25	70	-0.043085081426654126
25	71	-0.04308602405510081
25	72	0.04311337455800021
25	73	-0.05930594288186536
25	74	-1.0491300896239231e-5
25	75	0.059289903696730546
25	76	-9.733344540449478e-6
25	77	0.040070518897680346
25	78	0.040071277954444144
25	79	-0.04005854543804214
25	80	-0.04005829618611444
25	81	-4.699734350693003e-6
25	82	-0.05426432503680176
25	83	-4.785200452737423e-6
25	84	0.054254616832572475
25	85	-0.037541262107706586
25	86	0.03754892479732488
25	87	0.0375490329141318
25	88	-0.037541293451503935
25	89	0.052729824814703494
25	90	-2.485773870449664e-6
25	91	-0.05273560300095562
25	92	-2.5639706882067585e-6
25	93	-0.036662037800130255
25	94	-0.03666256587886895
25	95	0.036665811936658695
25	96	0.03666515810912625
25	97	-8.163456693397094e-7
25	98	0.049857529053948
25	99	-1.108879746266951e-6
25	100	-0.04985904216775184
25	101	0.03364847110634189
25	102	-0.033647609101000946
25	103	-0.03364735797395051
25	104	0.03364848867903528
25	105	-0.046267124668459364
25	106	-1.4674739457111293e-7
25	107	0.04626638873075752
25	108	-3.6948905186376837e-7
25	109	0.03254431120407952
25	110	0.03254411913767652
25	111	-0.0325438064894464
25	112	-0.032543608882358105
25	113	-3.584072669230603e-7
25	114	-0.0456558357594633
25	115	-1.2740283074585278e-9
25	116	0.04565544564258145
25	117	-0.03111993649719934
25	118	0.03112048279418656
25	119	0.03112009738061429
25	120	-0.03112032892872971
25	121	0.041478025837414625
25	122	-4.6770867601593567e-7
25	123	-0.04147819817550057
25	124	4.9941476828643614e-8
25	125	-0.028201690537504744
25	126	-0.02820108671232918
25	127	0.028201881775949327
25	128	0.028201738958790794
26	17	0.09950539632568996
26	18	0.009044430321979444
26	19	-0.09272517909609936
26	20	0.00904451455351524
26	21	-0.1362344794559874
26	22	-0.1362381702012069
26	23	0.07543872285067228
26	24	0.075438563394167
26	25	-0.02197705749752232
26	26	0.454425699824585
26	27	-0.021977756499141566
26	28	-0.11848675420697814
26	29	0.07886084863593538
26	30	-0.13908782472980452
26	31	-0.13907659901096395
26	32	0.0788592166482986
26	33	-0.09776786687462577
26	34	0.008021197965421273
26	35	0.10636484711799238
26	36	0.008017809539975756
26	37	0.0588587378497821
26	38	0.058859208110567995
26	39	-0.06451844658406257
26	40	-0.0645124548506647
26	41	0.0004907232202714535
26	42	-0.07841748113589121
26	43	0.0004904786915315689
26	44	0.08122665534473794
26	45	-0.054385869599782775
26	46	0.053609503039938666
26	47	0.05361164124125549
26	48	-0.05438377167067038
26	49	0.07401351019290615
26	50	1.1126434649135417e-5
26	51	-0.07358358042689964
26	52	9.111783459749304e-6
26	53	-0.049681351604683475
26	54	-0.04968539519124224
26	55	0.04962389870106826
26	56	0.04962223487915034
26	57	-2.329840770413821e-5
26	58	0.06614612381756795
26	59	-2.307444834531286e-5
26	60	-0.06611886353488099
26	61	0.04463823115837612
26	62	-0.044603313968414694
26	63	-0.04460435371695359
26	64	0.044639301252690916
26	65	-0.061755346741171155
26	66	-2.3547103246144822e-5
26	67	0.06172742650188808
26	68	-2.352503720557694e-5
26	69	0.043114649522397366
26	70	0.04311546322144488
26	71	-0.043086278513635695
26	72	-0.04308518327121653
26	73	-1.0848637990130713e-5
26	74	-0.05930858269923221
26	75	-1.032967634172724e-5
26	76	0.05928891249647452
26	77	-0.04005766236829326
26	78	0.040072116965555724
26	79	0.040071839041621635
26	80	-0.04005797964915915
26	81	0.054254673464358805
26	82	-5.273379881387559e-6
26	83	-0.05426501937623956
26	84	-4.847448102601019e-6
26	85	-0.037541925649784876
26	86	-0.03754169305027972
26	87	0.03754918872929465
26	88	0.03754858941182124
26	89	-1.8479782411961772e-6
26	90	0.05273092501436688
26	91	-2.616740355344319e-6
26	92	-0.052734861904960184
26	93	0.03666475116710222
26	94	-0.03666313620778964
26	95	-0.036662532989538914
26	96	0.0366652565383274
26	97	-0.049858888789945426
26	98	-3.590576940590825e-7
26	99	0.049857807850443796
26	100	-9.62878173644847e-7
26	101	0.033648733027279214
26	102	0.03364815891029335
26	103	-0.03364791523469554
26	104	-0.033647298370793825
26	105	-9.114270951679554e-7
26	106	-0.046267045768172615
26	107	-2.4118147681473593e-8
26	108	0.046266390508019624
26	109	-0.032543110767196425
26	110	0.03254458083586631
26	111	0.03254393019701193
26	112	-0.03254381357834456
26	113	0.045655085404689995
26	114	-7.371497269739552e-7
26	115	-0.04565576068712192
26	116	2.5383183385981094e-7
26	117	-0.031120174654481983
26	118	-0.031119500154450343
26	119	0.031120698497886668
26	120	0.031120102492118624
26	121	2.9977136808747794e-7
26	122	0.04147761461380635
26	123	-7.059220472770442e-7
26	124	-0.04147831892395664
26	125	0.028201197141972004
26	126	-0.028201724849583058
26	127	-0.028201026963786298
26	128	0.02820200806758945
27	17	0.009043092673145233
27	18	0.09950341884887594
27	19	0.009044052516334375
27	20	-0.09272345872893054
27	21	0.0754373362314663
27	22	-0.13623107485767957
27	23	-0.13623587666543746
27	24	0.07543789568029087
27	25	-0.11848697269588593
27	26	-0.021977756499141566
27	27	0.45442590296181823
27	28	-0.02197797042879491
27	29	0.07886171950972977
27	30	0.07886176681519047
27	31	-0.13908526512672814
27	32	-0.13908065234826084
27	33	0.008021639879089363
27	34	-0.09777124103997045
27	35	0.008020706571436631
27	36	0.10636430491890159
27	37	-0.06452553466342897
27	38	0.058859092668358516
27	39	0.05885872339391599
27	40	-0.06451558686765256
27	41	0.0812358608068821
27	42	0.000496912300411121
27	43	-0.07841691291977138
27	44	0.0004904963293415779
27	45	-0.05439096649595585
27	46	-0.05439538410665019
27	47	0.0536095165168205
27	48	0.05360760726118787
27	49	1.3928872007640982e-5
27	50	0.0740218140278037
27	51	1.122595224597243e-5
27	52	-0.07357600150873744
27	53	0.049616067306539446
27	54	-0.049686062644629804
27	55	-0.04968525863198667
27	56	0.049619611242195855
27	57	-0.0661143425412843
27	58	-2.1524297408718603e-5
27	59	0.06614583935130036
27	60	-2.368459035653336e-5
27	61	0.04463822672525432
27	62	0.04463786186663809
27	63	-0.04460309268815146
27	64	-0.04460074737999327
27	65	-2.5321162953137573e-5
27	66	-0.06175605987214751
27	67	-2.345607324842527e-5
27	68	0.061723805530783236
27	69	-0.043082770359882734
27	70	0.04311571996943291
27	71	0.04311499827555845
27	72	-0.04308436214687023
27	73	0.05928732709945016
27	74	-1.1433842757714907e-5
27	75	-0.059308187429121244
27	76	-1.0323752029202848e-5
27	77	-0.04005774156263278
27	78	-0.04005746718128357
27	79	0.04007201980397513
27	80	0.04007071738058967
27	81	-4.24862035485441e-6
27	82	0.05425461039945223
27	83	-5.34193972233268e-6
27	84	-0.054263785015132286
27	85	0.03754772021084092
27	86	-0.037542055034719427
27	87	-0.03754147514634555
27	88	0.03754844134597487
27	89	-0.052734313495039896
27	90	-1.8879111363909552e-6
27	91	0.052730482099122546
27	92	-2.6486509915807477e-6
27	93	0.03666505056075316
27	94	0.03666505702055758
27	95	-0.0366628352146984
27	96	-0.03666166244124327
27	97	-1.334500091241313e-6
27	98	-0.04985902391453912
27	99	-3.9619261224342393e-7
27	100	0.04985683986327587
27	101	-0.03364678824144276
27	102	0.03364879523673066
27	103	0.033648139609308556
27	104	-0.03364720984372455
27	105	0.04626584511995463
27	106	-9.655009940384656e-7
27	107	-0.04626696970487991
27	108	-2.2440551193745292e-7
27	109	-0.032543607134950164
27	110	-0.03254307461092974
27	111	0.03254434930764194
27	112	0.032543809870896945
27	113	1.9744225462056069e-7
27	114	0.045655073064733286
27	115	-6.114304316412686e-7
27	116	-0.04565548494143496
27	117	0.031119771698275612
27	118	-0.031120144148729007
27	119	-0.031119464522303197
27	120	0.031120458340142328
27	121	-0.04147784185792802
27	122	5.148594062498151e-7
27	123	0.04147770512170148
27	124	-3.826205317350298e-7
27	125	0.028201695309963252
27	126	0.028200838675881166
27	127	-0.028201669136472544
27	128	-0.02820127388872403
28	17	-0.09272140463104231
28	18	0.009043097530614002
28	19	0.09950237395465958
28	20	0.009042521849211902
28	21	0.07543695798016413
28	22	0.07543718386139295
28	23	-0.13623326959102944
28	24	-0.13623107371567192
28	25	-0.02197636779746929
28	26	-0.11848675420697814
28	27	-0.02197797042879491
28	28	0.4544245902315137
28	29	-0.1390961018212818
28	30	0.07886159158930071
28	31	0.07886035162343644
28	32	-0.13907773609777735
28	33	0.10637618088391529
28	34	0.008021429768820618
28	35	-0.09776708762449492
28	36	0.008017170872030303
28	37	-0.0645269598287059
28	38	-0.06452835753354078
28	39	0.05885843237498456
28	40	0.05885670575368784
28	41	0.0004953647278983449
28	42	0.08123771675652147
28	43	0.0004919611280060013
28	44	-0.07840890524120886
28	45	0.05360208372317982
28	46	-0.05439148009082076
28	47	-0.05438776958656393
28	48	0.053605844714262434
28	49	-0.07356719362412058
28	50	1.3369495120637288e-5
28	51	0.0740142583444315
28	52	1.0536822736645561e-5
28	53	0.04961523770989254
28	54	0.04961640848118054
28	55	-0.04968146527421292
28	56	-0.0496768700884522
28	57	-2.5006860319239674e-5
28	58	-0.06611393208400937
28	59	-2.3013250451702236e-5
28	60	0.06613724612178416
28	61	-0.044596588839194436
28	62	0.04463759416526196
28	63	0.044637659223652794
28	64	-0.04459859864466164
28	65	0.061720302854498144
28	66	-2.476073527053635e-5
28	67	-0.06175463420929972
28	68	-2.4018056637201103e-5
28	69	-0.043082887948833415
28	70	-0.04308347656596923
28	71	0.043114158942180056
28	72	0.0431128105025692
28	73	-1.0115751483759639e-5
28	74	0.059287971133427174
28	75	-1.0683014498304667e-5
28	76	-0.059305200213793194
28	77	0.04006970695193854
28	78	-0.04005780816151526
28	79	-0.04005763504172703
28	80	0.04006991343021147
28	81	-0.054262914511792056
28	82	-4.389139121436395e-6
28	83	0.054254357945026865
28	84	-4.553608206412967e-6
28	85	0.03754815318508173
28	86	0.03754814759807924
28	87	-0.037541396106060936
28	88	-0.03754102705603239
28	89	-2.7592703064691682e-6
28	90	-0.052734984031975726
28	91	-2.363683458720728e-6
28	92	0.05272931047303761
28	93	-0.03666148937371782
28	94	0.036665573664326566
28	95	0.03666526103703669
28	96	-0.036661705572385454
28	97	0.04985658866912812
28	98	-1.2524104376598094e-6
28	99	-0.049859206704503896
28	100	-1.0809521230242082e-6
28	101	-0.03364709249761284
28	102	-0.033646833021554454
28	103	0.03364873965178925
28	104	0.0336484375462405
28	105	-1.707033726574377e-7
28	106	0.04626582649592869
28	107	-6.001513674905054e-7
28	108	-0.04626703219659905
28	109	0.032543732401397
28	110	-0.03254361997356477
28	111	-0.03254330460906212
28	112	0.0325440987537368
28	113	-0.04565528811425574
28	114	1.078491702581749e-7
28	115	0.045655160658753635
28	116	-3.979357728891862e-7
28	117	0.031120125446438836
28	118	0.031119788166258412
28	119	-0.03112018114318531
28	120	-0.03111992244251339
28	121	-2.1484161472745348e-7
28	122	-0.04147763508438527
28	123	3.3556635477732874e-7
28	124	0.04147803020102167
28	125	-0.028201161577363333
28	126	0.028201594185928856
28	127	0.028201208772594487
28	128	-0.028201660280099697
29	17	0.05800984155256935
29	18	0.05801101163199442
29	19	-0.06350234030059872
29	20	-0.06350372067709162
29	21	0.008262572099587634
29	22	-0.09599854458382788
29	23	0.008263810290733607
29	24	0.10409054728373972
29	25	-0.13908344197811617
29	26	0.07886084863593538
29	27	0.07886171950972977
29	28	-0.1390961018212818
29	29	0.45586913369544685
29	30	-0.0212617886021561
29	31	-0.1205782439863082
29	32	-0.021260588838391166
29	33	-0.13882771354978612
29	34	-0.1388267936335611
29	35	0.07833118366435753
29	36	0.07833051114920099
29	37	0.008454972155328823
29	38	0.10416837296237459
29	39	0.008453641941690826
29	40	-0.09600885050192029
29	41	0.05866802817765837
29	42	-0.06429313925288554
29	43	-0.06428832631603103
29	44	0.05866547070454001
29	45	-0.0801858981436266
29	46	0.0002987217387261183
29	47	0.08316966859222666
29	48	0.000296249243449498
29	49	0.05499147607024089
29	50	0.05499415856304867
29	51	-0.055733508136562235
29	52	-0.0557298003892784
29	53	7.908332701436496e-6
29	54	-0.07398786283745275
29	55	6.634832825859297e-6
29	56	0.07441941039751876
29	57	-0.04920896139176501
29	58	0.049167614935022134
29	59	0.049169835581800436
29	60	-0.049208661161614785
29	61	0.06610583498175678
29	62	-3.752965859127438e-5
29	63	-0.06610695284323377
29	64	-3.928390737690019e-5
29	65	-0.04557446619799705
29	66	-0.045577025011970765
29	67	0.04563016944868492
29	68	0.045629621293402006
29	69	-2.687135872180988e-5
29	70	0.0635593107237226
29	71	-2.620192764100297e-5
29	72	-0.0635927313880562
29	73	0.04371846106964325
29	74	-0.04368973523179629
29	75	-0.04369052733562962
29	76	0.043718571123964545
29	77	-0.05902177525776086
29	78	-1.0561314340720834e-5
29	79	0.05900372183431668
29	80	-1.0025460334036475e-5
29	81	0.0399277348309071
29	82	0.0399281196653727
29	83	-0.03991316762023533
29	84	-0.03991293386214486
29	85	-6.013177712547372e-6
29	86	-0.05520407240739938
29	87	-5.853690665849449e-6
29	88	0.05519177108161715
29	89	-0.03874179585349645
29	90	0.03875098650901403
29	91	0.038750920584762705
29	92	-0.03874211241684577
29	93	0.05387058494061374
29	94	-2.8679007890142627e-6
29	95	-0.05387686238447909
29	96	-2.5575997809426498e-6
29	97	-0.03662605296030785
29	98	-0.03662604987410392
29	99	0.0366298423230256
29	100	0.036629254000878374
29	101	-7.906743043085865e-7
29	102	0.04942579298982549
29	103	-1.3396837207898568e-6
29	104	-0.04942799142522913
29	105	0.03397256448048527
29	106	-0.03397160178632991
29	107	-0.033971324877573164
29	108	0.03397303298493941
29	109	-0.047785152163093925
29	110	-1.2796646232461524e-7
29	111	0.04778430180417952
29	112	-6.348279415990575e-7
29	113	0.03351879331696138
29	114	0.03351851181231239
29	115	-0.033518373927689527
29	116	-0.0335179267080045
29	117	-4.026877441263634e-7
29	118	-0.04569590504123188
29	119	2.7641348885832884e-7
29	120	0.04569582582100731
29	121	-0.03045115503414329
29	122	0.03045172818743198
29	123	0.03045123913048373
29	124	-0.030451673976328083
29	125	0.0414046085016764
29	126	-5.806941180261862e-7
29	127	-0.04140485447558248
29	128	1.6272296043885463e-7
30	17	-0.06350117184177273
30	18	0.0580116564004742
30	19	0.058011491172276844
30	20	-0.06350574475826283
30	21	0.10408553009938817
30	22	0.008263511046648254
30	23	-0.09600083853987394
30	24	0.008263663762727172
30	25	-0.1390819884287661
30	26	-0.13908782472980452
30	27	0.07886176681519047
